5.859375000000000000e-03 8.456885677185291272e-03 6.800000000000000000e+01
9.765625000000000000e-03 7.159046654402445066e-03 6.800000000000000000e+01
1.367187500000000000e-02 6.698052360715418818e-03 6.800000000000000000e+01
1.757812500000000000e-02 6.212712350268235866e-03 6.800000000000000000e+01
2.148437500000000000e-02 6.307450399369462016e-03 6.800000000000000000e+01
2.539062500000000000e-02 4.859038250021315702e-03 6.800000000000000000e+01
2.929687500000000000e-02 5.866578631244037841e-03 6.800000000000000000e+01
3.320312500000000000e-02 5.380136534760588014e-03 6.800000000000000000e+01
3.710937500000000000e-02 7.002469280611451491e-03 6.800000000000000000e+01
4.101562500000000000e-02 5.299722106554606918e-03 6.800000000000000000e+01
4.492187500000000000e-02 6.930595465375018367e-03 6.800000000000000000e+01
4.882812500000000000e-02 6.478432002596002520e-03 6.800000000000000000e+01
5.273437500000000000e-02 5.485156237399304788e-03 6.800000000000000000e+01
5.664062500000000000e-02 6.108159233184956745e-03 6.800000000000000000e+01
6.054687500000000000e-02 7.385549667237702523e-03 6.800000000000000000e+01
6.445312500000000000e-02 6.830257663991444461e-03 6.800000000000000000e+01
6.835937500000000000e-02 6.005940261152670212e-03 6.800000000000000000e+01
7.226562500000000000e-02 5.073169802887939062e-03 6.800000000000000000e+01
7.617187500000000000e-02 5.013017140639045369e-03 6.800000000000000000e+01
8.007812500000000000e-02 4.748148721708338703e-03 6.800000000000000000e+01
8.398437500000000000e-02 6.080310524978646720e-03 6.800000000000000000e+01
8.789062500000000000e-02 7.228279488524062997e-03 6.800000000000000000e+01
9.179687500000000000e-02 5.305986339703291921e-03 6.800000000000000000e+01
9.570312500000000000e-02 5.229940142528355200e-03 6.800000000000000000e+01
9.960937500000000000e-02 4.772245834051854971e-03 6.800000000000000000e+01
1.035156250000000000e-01 5.018265798901360049e-03 6.800000000000000000e+01
1.074218750000000000e-01 5.310720375725349815e-03 6.800000000000000000e+01
1.113281250000000000e-01 4.958950880853164878e-03 6.800000000000000000e+01
1.152343750000000000e-01 5.646873149207158084e-03 6.800000000000000000e+01
1.191406250000000000e-01 6.166329960560283131e-03 6.800000000000000000e+01
1.230468750000000000e-01 7.096212354171146583e-03 6.800000000000000000e+01
1.269531250000000000e-01 6.058435509739526666e-03 6.800000000000000000e+01
1.308593750000000000e-01 5.293798584396604626e-03 6.800000000000000000e+01
1.347656250000000000e-01 5.503062071943843649e-03 6.800000000000000000e+01
1.386718750000000000e-01 5.529448024078774740e-03 6.800000000000000000e+01
1.425781250000000000e-01 4.999757500308085398e-03 6.800000000000000000e+01
1.464843750000000000e-01 5.568475063856481548e-03 6.800000000000000000e+01
1.503906250000000000e-01 5.426397430511853068e-03 6.800000000000000000e+01
1.542968750000000000e-01 7.821154914605846220e-03 6.800000000000000000e+01
1.582031250000000000e-01 6.429045816731950719e-03 6.800000000000000000e+01
1.621093750000000000e-01 4.872266499790179825e-03 6.800000000000000000e+01
1.660156250000000000e-01 4.999047531297106522e-03 6.800000000000000000e+01
1.699218750000000000e-01 6.105029638982095198e-03 6.800000000000000000e+01
1.738281250000000000e-01 4.269090336419196878e-03 6.800000000000000000e+01
1.777343750000000000e-01 6.238536782228069899e-03 6.800000000000000000e+01
1.816406250000000000e-01 5.153806216832710133e-03 6.800000000000000000e+01
1.855468750000000000e-01 4.877278574084964111e-03 6.800000000000000000e+01
1.894531250000000000e-01 4.509566775249735510e-03 6.800000000000000000e+01
1.933593750000000000e-01 6.462495776930936645e-03 6.800000000000000000e+01
1.972656250000000000e-01 6.512921033318493438e-03 6.800000000000000000e+01
2.011718750000000000e-01 6.214553214003878251e-03 6.800000000000000000e+01
2.050781250000000000e-01 4.254762190116761350e-03 6.800000000000000000e+01
2.089843750000000000e-01 7.052419630402637953e-03 6.800000000000000000e+01
2.128906250000000000e-01 5.268740513601422731e-03 6.800000000000000000e+01
2.167968750000000000e-01 5.907473752069293885e-03 6.800000000000000000e+01
2.207031250000000000e-01 4.883817810998700853e-03 6.800000000000000000e+01
2.246093750000000000e-01 6.568904768552764374e-03 6.800000000000000000e+01
2.285156250000000000e-01 6.175105760830811724e-03 6.800000000000000000e+01
2.324218750000000000e-01 5.515814576063348892e-03 6.800000000000000000e+01
2.363281250000000000e-01 5.663546921395261509e-03 6.800000000000000000e+01
2.402343750000000000e-01 5.504905408049287976e-03 6.800000000000000000e+01
2.441406250000000000e-01 6.099933021250054758e-03 6.800000000000000000e+01
2.480468750000000000e-01 4.611458164678977623e-03 6.800000000000000000e+01
2.519531250000000000e-01 4.491461088182222353e-03 6.800000000000000000e+01
2.558593750000000000e-01 6.072771175486516189e-03 6.800000000000000000e+01
2.597656250000000000e-01 6.958374922915916243e-03 6.800000000000000000e+01
2.636718750000000000e-01 6.719932827321313529e-03 6.800000000000000000e+01
2.675781250000000000e-01 5.002162570456222292e-03 6.800000000000000000e+01
2.714843750000000000e-01 5.072385917660685722e-03 6.800000000000000000e+01
2.753906250000000000e-01 8.717334314276660445e-03 6.800000000000000000e+01
2.792968750000000000e-01 4.415024164720795195e-03 6.800000000000000000e+01
2.832031250000000000e-01 7.184277055843737818e-03 6.800000000000000000e+01
2.871093750000000000e-01 5.629250491055629892e-03 6.800000000000000000e+01
2.910156250000000000e-01 4.767915201434699823e-03 6.800000000000000000e+01
2.949218750000000000e-01 6.853582983508471269e-03 6.800000000000000000e+01
2.988281250000000000e-01 4.946731042676198731e-03 6.800000000000000000e+01
3.027343750000000000e-01 5.529063332596151868e-03 6.800000000000000000e+01
3.066406250000000000e-01 5.257550400335998450e-03 6.800000000000000000e+01
3.105468750000000000e-01 6.324820158804450587e-03 6.800000000000000000e+01
3.144531250000000000e-01 5.857580407051810913e-03 6.800000000000000000e+01
3.183593750000000000e-01 4.634706375186442399e-03 6.800000000000000000e+01
3.222656250000000000e-01 5.531534990558722130e-03 6.800000000000000000e+01
3.261718750000000000e-01 4.792560083085108634e-03 6.800000000000000000e+01
3.300781250000000000e-01 5.453098734131182901e-03 6.800000000000000000e+01
3.339843750000000000e-01 6.360841000383032039e-03 6.800000000000000000e+01
3.378906250000000000e-01 5.911727113628198298e-03 6.800000000000000000e+01
3.417968750000000000e-01 4.875976218656053948e-03 6.800000000000000000e+01
3.457031250000000000e-01 5.520828918288810637e-03 6.800000000000000000e+01
3.496093750000000000e-01 4.790294821761009562e-03 6.800000000000000000e+01
3.535156250000000000e-01 6.234834921473136372e-03 6.800000000000000000e+01
3.574218750000000000e-01 4.008636122311247385e-03 6.800000000000000000e+01
3.613281250000000000e-01 5.872739434213523728e-03 6.800000000000000000e+01
3.652343750000000000e-01 6.185115624888067216e-03 6.800000000000000000e+01
3.691406250000000000e-01 5.768589674716544102e-03 6.800000000000000000e+01
3.730468750000000000e-01 4.940168709646531632e-03 6.800000000000000000e+01
3.769531250000000000e-01 6.258074953102332055e-03 6.800000000000000000e+01
3.808593750000000000e-01 5.560807335905511815e-03 6.800000000000000000e+01
3.847656250000000000e-01 5.447342954025461044e-03 6.800000000000000000e+01
3.886718750000000000e-01 6.525352636151512432e-03 6.800000000000000000e+01
3.925781250000000000e-01 4.897717550013786468e-03 6.800000000000000000e+01
3.964843750000000000e-01 6.099819868679446332e-03 6.800000000000000000e+01
4.003906250000000000e-01 5.910937011998912936e-03 6.800000000000000000e+01
4.042968750000000000e-01 6.214892322032759472e-03 6.800000000000000000e+01
4.082031250000000000e-01 5.283594525627952586e-03 6.800000000000000000e+01
4.121093750000000000e-01 5.244934066280626528e-03 6.800000000000000000e+01
4.160156250000000000e-01 5.065867731970500644e-03 6.800000000000000000e+01
4.199218750000000000e-01 6.581306522889370132e-03 6.800000000000000000e+01
4.238281250000000000e-01 6.575262297819430696e-03 6.800000000000000000e+01
4.277343750000000000e-01 5.718114799357180977e-03 6.800000000000000000e+01
4.316406250000000000e-01 5.804732125197082683e-03 6.800000000000000000e+01
4.355468750000000000e-01 4.593172382357214867e-03 6.800000000000000000e+01
4.394531250000000000e-01 6.008417669438767712e-03 6.800000000000000000e+01
4.433593750000000000e-01 6.531850982296948278e-03 6.800000000000000000e+01
4.472656250000000000e-01 5.017838206908565094e-03 6.800000000000000000e+01
4.511718750000000000e-01 4.610468323588126291e-03 6.800000000000000000e+01
4.550781250000000000e-01 5.707788875904068991e-03 6.800000000000000000e+01
4.589843750000000000e-01 5.734346391239287036e-03 6.800000000000000000e+01
4.628906250000000000e-01 4.598773669136247723e-03 6.800000000000000000e+01
4.667968750000000000e-01 5.184644684585338476e-03 6.800000000000000000e+01
4.707031250000000000e-01 5.872935323236017080e-03 6.800000000000000000e+01
4.746093750000000000e-01 5.441316878722977923e-03 6.800000000000000000e+01
4.785156250000000000e-01 6.549447251575947482e-03 6.800000000000000000e+01
4.824218750000000000e-01 5.310293717204713805e-03 6.800000000000000000e+01
4.863281250000000000e-01 5.869819064937783527e-03 6.800000000000000000e+01
4.902343750000000000e-01 6.623977151434786229e-03 6.800000000000000000e+01
4.941406250000000000e-01 5.871367953089002417e-03 6.800000000000000000e+01
4.980468750000000000e-01 8.095523079769923608e-03 6.800000000000000000e+01
5.019531250000000000e-01 6.291218545159763149e-03 6.800000000000000000e+01
5.058593750000000000e-01 5.356532651939793603e-03 6.800000000000000000e+01
5.097656250000000000e-01 5.410145247365226277e-03 6.800000000000000000e+01
5.136718750000000000e-01 6.678644624976374546e-03 6.800000000000000000e+01
5.175781250000000000e-01 7.715799146694107997e-03 6.800000000000000000e+01
5.214843750000000000e-01 5.351956025917203874e-03 6.800000000000000000e+01
5.253906250000000000e-01 8.465041367637348921e-03 6.800000000000000000e+01
5.292968750000000000e-01 5.527218199307643715e-03 6.800000000000000000e+01
5.332031250000000000e-01 5.199614700234822355e-03 6.800000000000000000e+01
5.371093750000000000e-01 4.628422866055599723e-03 6.800000000000000000e+01
5.410156250000000000e-01 5.882711053264178327e-03 6.800000000000000000e+01
5.449218750000000000e-01 5.555197448611078406e-03 6.800000000000000000e+01
5.488281250000000000e-01 6.019340233521091980e-03 6.800000000000000000e+01
5.527343750000000000e-01 5.581737850411997576e-03 6.800000000000000000e+01
5.566406250000000000e-01 6.560842072799728808e-03 6.800000000000000000e+01
5.605468750000000000e-01 6.918350779429691122e-03 6.800000000000000000e+01
5.644531250000000000e-01 7.065647801453899327e-03 6.800000000000000000e+01
5.683593750000000000e-01 6.886648843929676564e-03 6.800000000000000000e+01
5.722656250000000000e-01 6.065280442823425648e-03 6.800000000000000000e+01
5.761718750000000000e-01 5.734663676045461886e-03 6.800000000000000000e+01
5.800781250000000000e-01 6.356679257470390122e-03 6.800000000000000000e+01
5.839843750000000000e-01 5.835788085092732079e-03 6.800000000000000000e+01
5.878906250000000000e-01 5.890365844001119698e-03 6.800000000000000000e+01
5.917968750000000000e-01 5.765040360652931052e-03 6.800000000000000000e+01
5.957031250000000000e-01 5.375674105512446427e-03 6.800000000000000000e+01
5.996093750000000000e-01 5.745184356771591838e-03 6.800000000000000000e+01
6.035156250000000000e-01 4.503159791017390112e-03 6.800000000000000000e+01
6.074218750000000000e-01 6.383889788866046501e-03 6.800000000000000000e+01
6.113281250000000000e-01 5.317911643185816925e-03 6.800000000000000000e+01
6.152343750000000000e-01 5.519458559216085421e-03 6.800000000000000000e+01
6.191406250000000000e-01 6.215558223913571212e-03 6.800000000000000000e+01
6.230468750000000000e-01 5.308220770444739903e-03 6.800000000000000000e+01
6.269531250000000000e-01 5.530662904173797891e-03 6.800000000000000000e+01
6.308593750000000000e-01 4.521947564478798025e-03 6.800000000000000000e+01
6.347656250000000000e-01 6.374718509018400918e-03 6.800000000000000000e+01
6.386718750000000000e-01 6.090734332979438719e-03 6.800000000000000000e+01
6.425781250000000000e-01 7.185943829788240915e-03 6.800000000000000000e+01
6.464843750000000000e-01 5.433776073407361323e-03 6.800000000000000000e+01
6.503906250000000000e-01 5.926404577220639042e-03 6.800000000000000000e+01
6.542968750000000000e-01 4.991189403549524568e-03 6.800000000000000000e+01
6.582031250000000000e-01 6.056696862916387952e-03 6.800000000000000000e+01
6.621093750000000000e-01 7.600854677798605206e-03 6.800000000000000000e+01
6.660156250000000000e-01 7.079521698851213955e-03 6.800000000000000000e+01
6.699218750000000000e-01 5.665361619966616941e-03 6.800000000000000000e+01
6.738281250000000000e-01 6.022890485594026289e-03 6.800000000000000000e+01
6.777343750000000000e-01 6.895775644352358617e-03 6.800000000000000000e+01
6.816406250000000000e-01 6.725513620993085750e-03 6.800000000000000000e+01
6.855468750000000000e-01 6.819310550537630543e-03 6.800000000000000000e+01
6.894531250000000000e-01 5.086432172287482130e-03 6.800000000000000000e+01
6.933593750000000000e-01 5.651170194387809299e-03 6.800000000000000000e+01
6.972656250000000000e-01 8.193800405100573961e-03 6.800000000000000000e+01
7.011718750000000000e-01 6.440188976594364741e-03 6.800000000000000000e+01
7.050781250000000000e-01 4.543573422750320397e-03 6.800000000000000000e+01
7.089843750000000000e-01 6.016886289421514468e-03 6.800000000000000000e+01
7.128906250000000000e-01 5.276924449639773008e-03 6.800000000000000000e+01
7.167968750000000000e-01 5.069313610903694589e-03 6.800000000000000000e+01
7.207031250000000000e-01 7.670015025769686377e-03 6.800000000000000000e+01
7.246093750000000000e-01 6.043579834610684695e-03 6.800000000000000000e+01
7.285156250000000000e-01 6.598525506011920783e-03 6.800000000000000000e+01
7.324218750000000000e-01 4.172067650836128704e-03 6.800000000000000000e+01
7.363281250000000000e-01 5.433984266045275430e-03 6.800000000000000000e+01
7.402343750000000000e-01 5.889717689478618338e-03 6.800000000000000000e+01
7.441406250000000000e-01 6.845379343848176888e-03 6.800000000000000000e+01
7.480468750000000000e-01 5.694039868632286457e-03 6.800000000000000000e+01
7.519531250000000000e-01 6.759253508989848322e-03 6.800000000000000000e+01
7.558593750000000000e-01 5.212367431411067328e-03 6.800000000000000000e+01
7.597656250000000000e-01 6.451519283176047892e-03 6.800000000000000000e+01
7.636718750000000000e-01 5.665573344093100504e-03 6.800000000000000000e+01
7.675781250000000000e-01 6.325204157319252313e-03 6.800000000000000000e+01
7.714843750000000000e-01 7.084062087181901800e-03 6.800000000000000000e+01
7.753906250000000000e-01 6.593043418586777039e-03 6.800000000000000000e+01
7.792968750000000000e-01 6.068342716765103007e-03 6.800000000000000000e+01
7.832031250000000000e-01 5.763074376122077035e-03 6.800000000000000000e+01
7.871093750000000000e-01 7.322229740497314919e-03 6.800000000000000000e+01
7.910156250000000000e-01 5.016907196666671800e-03 6.800000000000000000e+01
7.949218750000000000e-01 4.887962109881145017e-03 6.800000000000000000e+01
7.988281250000000000e-01 5.596740096889717825e-03 6.800000000000000000e+01
8.027343750000000000e-01 6.392390393856896280e-03 6.800000000000000000e+01
8.066406250000000000e-01 6.656322353480521002e-03 6.800000000000000000e+01
8.105468750000000000e-01 7.172294496414009790e-03 6.800000000000000000e+01
8.144531250000000000e-01 4.833939947754118012e-03 6.800000000000000000e+01
8.183593750000000000e-01 6.789534367965690750e-03 6.800000000000000000e+01
8.222656250000000000e-01 6.460789718999724110e-03 6.800000000000000000e+01
8.261718750000000000e-01 6.280381300049283841e-03 6.800000000000000000e+01
8.300781250000000000e-01 7.164287966684352443e-03 6.800000000000000000e+01
8.339843750000000000e-01 6.007982010838224668e-03 6.800000000000000000e+01
8.378906250000000000e-01 6.187893185442684511e-03 6.800000000000000000e+01
8.417968750000000000e-01 4.903620718945171653e-03 6.800000000000000000e+01
8.457031250000000000e-01 5.276385802183516417e-03 6.800000000000000000e+01
8.496093750000000000e-01 6.038115763107521766e-03 6.800000000000000000e+01
8.535156250000000000e-01 5.139482975917249695e-03 6.800000000000000000e+01
8.574218750000000000e-01 5.476009952460669794e-03 6.800000000000000000e+01
8.613281250000000000e-01 5.472583320944753027e-03 6.800000000000000000e+01
8.652343750000000000e-01 6.864216862855530323e-03 6.800000000000000000e+01
8.691406250000000000e-01 6.121102800647974795e-03 6.800000000000000000e+01
8.730468750000000000e-01 5.807452212904032351e-03 6.800000000000000000e+01
8.769531250000000000e-01 7.161039367103977545e-03 6.800000000000000000e+01
8.808593750000000000e-01 7.320755925877349586e-03 6.800000000000000000e+01
8.847656250000000000e-01 5.773130812633786232e-03 6.800000000000000000e+01
8.886718750000000000e-01 6.464455033986143788e-03 6.800000000000000000e+01
8.925781250000000000e-01 7.143699244088767310e-03 6.800000000000000000e+01
8.964843750000000000e-01 6.671500127465994703e-03 6.800000000000000000e+01
9.003906250000000000e-01 6.186659338940836070e-03 6.800000000000000000e+01
9.042968750000000000e-01 4.453471892674160798e-03 6.800000000000000000e+01
9.082031250000000000e-01 6.561491920100566942e-03 6.800000000000000000e+01
9.121093750000000000e-01 6.929162602794003076e-03 6.800000000000000000e+01
9.160156250000000000e-01 5.959259110488147014e-03 6.800000000000000000e+01
9.199218750000000000e-01 6.031645219234105237e-03 6.800000000000000000e+01
9.238281250000000000e-01 6.621969321189202957e-03 6.800000000000000000e+01
9.277343750000000000e-01 6.253330494996572030e-03 6.800000000000000000e+01
9.316406250000000000e-01 7.187853292248137273e-03 6.800000000000000000e+01
9.355468750000000000e-01 6.490093972938247059e-03 6.800000000000000000e+01
9.394531250000000000e-01 6.145377621163403310e-03 6.800000000000000000e+01
9.433593750000000000e-01 6.687972159258308291e-03 6.800000000000000000e+01
9.472656250000000000e-01 4.991756978102212909e-03 6.800000000000000000e+01
9.511718750000000000e-01 6.564631357419338509e-03 6.800000000000000000e+01
9.550781250000000000e-01 5.238660314900271675e-03 6.800000000000000000e+01
9.589843750000000000e-01 7.687837349388429962e-03 6.800000000000000000e+01
9.628906250000000000e-01 6.063814196704641127e-03 6.800000000000000000e+01
9.667968750000000000e-01 5.693016168543935281e-03 6.800000000000000000e+01
9.707031250000000000e-01 9.180745387973129890e-03 6.800000000000000000e+01
9.746093750000000000e-01 7.060079690097247063e-03 6.800000000000000000e+01
9.785156250000000000e-01 7.938251292144472143e-03 6.800000000000000000e+01
9.824218750000000000e-01 9.020190157617707927e-03 6.800000000000000000e+01
9.863281250000000000e-01 8.955966730488077246e-03 6.800000000000000000e+01
9.902343750000000000e-01 6.964048946577012546e-03 6.800000000000000000e+01
9.941406250000000000e-01 9.688867544286439148e-03 6.800000000000000000e+01
9.980468750000000000e-01 7.210219346325501613e-03 6.800000000000000000e+01
1.001953125000000000e+00 8.779914651655992830e-03 6.800000000000000000e+01
1.005859375000000000e+00 9.641458968490801765e-03 6.800000000000000000e+01
1.009765625000000000e+00 8.566882967905940782e-03 6.800000000000000000e+01
1.013671875000000000e+00 1.392696603396587247e-02 6.800000000000000000e+01
1.017578125000000000e+00 8.870839803946081736e-03 6.800000000000000000e+01
1.021484375000000000e+00 7.328204242104566050e-03 6.800000000000000000e+01
1.025390625000000000e+00 1.093416897682574981e-02 6.800000000000000000e+01
1.029296875000000000e+00 1.395062191069637754e-02 6.800000000000000000e+01
1.033203125000000000e+00 6.603641044694056987e-03 6.800000000000000000e+01
1.037109375000000000e+00 1.352503519211976230e-02 6.800000000000000000e+01
1.041015625000000000e+00 1.213101438413849605e-02 6.800000000000000000e+01
1.044921875000000000e+00 8.773458557915019343e-03 6.800000000000000000e+01
1.048828125000000000e+00 1.490520948139326639e-02 6.800000000000000000e+01
1.052734375000000000e+00 1.281820699850921667e-02 6.800000000000000000e+01
1.056640625000000000e+00 9.375888166574808391e-03 6.800000000000000000e+01
1.060546875000000000e+00 1.056981641335806577e-02 6.800000000000000000e+01
1.064453125000000000e+00 1.188161371813106597e-02 6.800000000000000000e+01
1.068359375000000000e+00 1.433228994418382640e-02 6.800000000000000000e+01
1.072265625000000000e+00 1.379886236293622649e-02 6.800000000000000000e+01
1.076171875000000000e+00 1.835356572934926378e-02 6.800000000000000000e+01
1.080078125000000000e+00 1.276778632051897566e-02 6.800000000000000000e+01
1.083984375000000000e+00 1.299310227518031026e-02 6.800000000000000000e+01
1.087890625000000000e+00 1.113085447607248604e-02 6.800000000000000000e+01
1.091796875000000000e+00 1.121853402104587560e-02 6.800000000000000000e+01
1.095703125000000000e+00 1.165586106817823736e-02 6.800000000000000000e+01
1.099609375000000000e+00 8.946071827863012402e-03 6.800000000000000000e+01
1.103515625000000000e+00 1.074376184275237928e-02 6.800000000000000000e+01
1.107421875000000000e+00 6.774862484324627697e-03 6.800000000000000000e+01
1.111328125000000000e+00 7.478682552008915525e-03 6.800000000000000000e+01
1.115234375000000000e+00 9.451356264254608813e-03 6.800000000000000000e+01
1.119140625000000000e+00 8.447526169080791375e-03 6.800000000000000000e+01
1.123046875000000000e+00 1.120751660233557621e-02 6.800000000000000000e+01
1.126953125000000000e+00 8.151113917676904713e-03 6.800000000000000000e+01
1.130859375000000000e+00 9.770994866675148174e-03 6.800000000000000000e+01
1.134765625000000000e+00 7.748491583305983088e-03 6.800000000000000000e+01
1.138671875000000000e+00 7.672391905821315285e-03 6.800000000000000000e+01
1.142578125000000000e+00 7.855667468374854731e-03 6.800000000000000000e+01
1.146484375000000000e+00 1.031301608345606968e-02 6.800000000000000000e+01
1.150390625000000000e+00 8.973722591852844460e-03 6.800000000000000000e+01
1.154296875000000000e+00 8.168188694490411197e-03 6.800000000000000000e+01
1.158203125000000000e+00 6.958276904272138290e-03 6.800000000000000000e+01
1.162109375000000000e+00 8.064395452475836557e-03 6.800000000000000000e+01
1.166015625000000000e+00 9.757809957852024360e-03 6.800000000000000000e+01
1.169921875000000000e+00 8.368429839436298395e-03 6.800000000000000000e+01
1.173828125000000000e+00 9.476154588976486159e-03 6.800000000000000000e+01
1.177734375000000000e+00 8.659118845090244682e-03 6.800000000000000000e+01
1.181640625000000000e+00 7.542097748346804006e-03 6.800000000000000000e+01
1.185546875000000000e+00 8.834513621786629564e-03 6.800000000000000000e+01
1.189453125000000000e+00 7.354235521627479691e-03 6.800000000000000000e+01
1.193359375000000000e+00 8.452385346178769437e-03 6.800000000000000000e+01
1.197265625000000000e+00 7.794101015388715803e-03 6.800000000000000000e+01
1.201171875000000000e+00 7.181679981957939281e-03 6.800000000000000000e+01
1.205078125000000000e+00 6.846873816045418587e-03 6.800000000000000000e+01
1.208984375000000000e+00 7.210329045838036188e-03 6.800000000000000000e+01
1.212890625000000000e+00 7.575537867785284846e-03 6.800000000000000000e+01
1.216796875000000000e+00 6.993514864837309560e-03 6.800000000000000000e+01
1.220703125000000000e+00 8.596287971605758721e-03 6.800000000000000000e+01
1.224609375000000000e+00 9.331821558814311357e-03 6.800000000000000000e+01
1.228515625000000000e+00 1.249955666614825656e-02 6.800000000000000000e+01
1.232421875000000000e+00 6.800691903519670740e-03 6.800000000000000000e+01
1.236328125000000000e+00 8.764571849312521867e-03 6.800000000000000000e+01
1.240234375000000000e+00 1.076678521940182577e-02 6.800000000000000000e+01
1.244140625000000000e+00 1.392972025033927495e-02 6.800000000000000000e+01
1.248046875000000000e+00 1.260620350988531611e-02 6.800000000000000000e+01
1.251953125000000000e+00 1.196692414968032574e-02 6.800000000000000000e+01
1.255859375000000000e+00 9.514375891140713568e-03 6.800000000000000000e+01
1.259765625000000000e+00 1.091702667436283622e-02 6.800000000000000000e+01
1.263671875000000000e+00 9.034994313094166229e-03 6.800000000000000000e+01
1.267578125000000000e+00 1.523891264513299940e-02 6.800000000000000000e+01
1.271484375000000000e+00 1.161164581228756910e-02 6.800000000000000000e+01
1.275390625000000000e+00 1.493661870343585517e-02 6.800000000000000000e+01
1.279296875000000000e+00 1.275626688774588423e-02 6.800000000000000000e+01
1.283203125000000000e+00 2.243445769830642450e-02 6.800000000000000000e+01
1.287109375000000000e+00 1.833628167446341509e-02 6.800000000000000000e+01
1.291015625000000000e+00 1.618910368518530069e-02 6.800000000000000000e+01
1.294921875000000000e+00 1.657501854273299088e-02 6.800000000000000000e+01
1.298828125000000000e+00 1.733324583290276125e-02 6.800000000000000000e+01
1.302734375000000000e+00 2.278646493195464473e-02 6.800000000000000000e+01
1.306640625000000000e+00 1.543867274430592990e-02 6.800000000000000000e+01
1.310546875000000000e+00 1.887296979743464595e-02 6.800000000000000000e+01
1.314453125000000000e+00 2.216949597693671989e-02 6.800000000000000000e+01
1.318359375000000000e+00 2.133186022817407795e-02 6.800000000000000000e+01
1.322265625000000000e+00 1.702240205639040868e-02 6.800000000000000000e+01
1.326171875000000000e+00 1.843749807077129169e-02 6.800000000000000000e+01
1.330078125000000000e+00 1.805150454074385194e-02 6.800000000000000000e+01
1.333984375000000000e+00 2.322719674577424995e-02 6.800000000000000000e+01
1.337890625000000000e+00 2.067233687245576337e-02 6.800000000000000000e+01
1.341796875000000000e+00 3.078248104513266539e-02 6.800000000000000000e+01
1.345703125000000000e+00 3.186412442121084460e-02 6.800000000000000000e+01
1.349609375000000000e+00 3.054132455710262609e-02 6.800000000000000000e+01
1.353515625000000000e+00 2.636740817194328096e-02 6.800000000000000000e+01
1.357421875000000000e+00 2.900929092181507921e-02 6.800000000000000000e+01
1.361328125000000000e+00 3.050474068280957865e-02 6.800000000000000000e+01
1.365234375000000000e+00 2.187653826042870731e-02 6.800000000000000000e+01
1.369140625000000000e+00 2.750138558088183888e-02 6.800000000000000000e+01
1.373046875000000000e+00 2.401254378450127722e-02 6.800000000000000000e+01
1.376953125000000000e+00 3.103647979846572633e-02 6.800000000000000000e+01
1.380859375000000000e+00 2.055002859002194593e-02 6.800000000000000000e+01
1.384765625000000000e+00 2.246454581219317972e-02 6.800000000000000000e+01
1.388671875000000000e+00 2.713490382006260304e-02 6.800000000000000000e+01
1.392578125000000000e+00 3.524253262469346365e-02 6.800000000000000000e+01
1.396484375000000000e+00 2.167311168716042069e-02 6.800000000000000000e+01
1.400390625000000000e+00 3.122728204824691892e-02 6.800000000000000000e+01
1.404296875000000000e+00 2.363072358162340847e-02 6.800000000000000000e+01
1.408203125000000000e+00 2.989971958504854949e-02 6.800000000000000000e+01
1.412109375000000000e+00 3.075676569557184853e-02 6.800000000000000000e+01
1.416015625000000000e+00 3.097713756446776601e-02 6.800000000000000000e+01
1.419921875000000000e+00 3.171267286213813597e-02 6.800000000000000000e+01
1.423828125000000000e+00 2.594911493444382322e-02 6.800000000000000000e+01
1.427734375000000000e+00 2.345539037325682433e-02 6.800000000000000000e+01
1.431640625000000000e+00 3.389688891951139760e-02 6.800000000000000000e+01
1.435546875000000000e+00 2.118677778553309729e-02 6.800000000000000000e+01
1.439453125000000000e+00 2.326423877264229001e-02 6.800000000000000000e+01
1.443359375000000000e+00 2.486786770686820469e-02 6.800000000000000000e+01
1.447265625000000000e+00 1.882069830284866310e-02 6.800000000000000000e+01
1.451171875000000000e+00 2.568609923852263263e-02 6.800000000000000000e+01
1.455078125000000000e+00 2.739405406393888645e-02 6.800000000000000000e+01
1.458984375000000000e+00 1.940101973026189808e-02 6.800000000000000000e+01
1.462890625000000000e+00 1.866933201385478913e-02 6.800000000000000000e+01
1.466796875000000000e+00 2.158934741284271319e-02 6.800000000000000000e+01
1.470703125000000000e+00 3.026946230850992986e-02 6.800000000000000000e+01
1.474609375000000000e+00 2.039500539040957697e-02 6.800000000000000000e+01
1.478515625000000000e+00 2.132766433905032566e-02 6.800000000000000000e+01
1.482421875000000000e+00 1.706147286148461395e-02 6.800000000000000000e+01
1.486328125000000000e+00 2.237918005804986898e-02 6.800000000000000000e+01
1.490234375000000000e+00 1.766469443419525082e-02 6.800000000000000000e+01
1.494140625000000000e+00 1.638080795113448090e-02 6.800000000000000000e+01
1.498046875000000000e+00 1.363337143508697516e-02 6.800000000000000000e+01
1.501953125000000000e+00 1.940171123539574313e-02 6.800000000000000000e+01
1.505859375000000000e+00 1.593219923674017019e-02 6.800000000000000000e+01
1.509765625000000000e+00 1.936119541781962036e-02 6.800000000000000000e+01
1.513671875000000000e+00 1.531237099117856333e-02 6.800000000000000000e+01
1.517578125000000000e+00 1.451093706327520431e-02 6.800000000000000000e+01
1.521484375000000000e+00 1.440054558161625586e-02 6.800000000000000000e+01
1.525390625000000000e+00 1.314604591805094980e-02 6.800000000000000000e+01
1.529296875000000000e+00 1.427915362003531752e-02 6.800000000000000000e+01
1.533203125000000000e+00 1.202278482953890101e-02 6.800000000000000000e+01
1.537109375000000000e+00 1.822456113692869431e-02 6.800000000000000000e+01
1.541015625000000000e+00 1.446858400818810779e-02 6.800000000000000000e+01
1.544921875000000000e+00 1.784155049282646135e-02 6.800000000000000000e+01
1.548828125000000000e+00 1.621842307391211518e-02 6.800000000000000000e+01
1.552734375000000000e+00 1.373533714069525950e-02 6.800000000000000000e+01
1.556640625000000000e+00 1.363850012910665550e-02 6.800000000000000000e+01
1.560546875000000000e+00 1.383249900399572893e-02 6.800000000000000000e+01
1.564453125000000000e+00 1.624164076628758016e-02 6.800000000000000000e+01
1.568359375000000000e+00 1.449428699019568272e-02 6.800000000000000000e+01
1.572265625000000000e+00 1.171890141083401990e-02 6.800000000000000000e+01
1.576171875000000000e+00 9.942756707023981538e-03 6.800000000000000000e+01
1.580078125000000000e+00 1.439460531293968587e-02 6.800000000000000000e+01
1.583984375000000000e+00 1.372196223352086658e-02 6.800000000000000000e+01
1.587890625000000000e+00 1.292299222257939882e-02 6.800000000000000000e+01
1.591796875000000000e+00 1.055247988433643744e-02 6.800000000000000000e+01
1.595703125000000000e+00 1.100191671036994910e-02 6.800000000000000000e+01
1.599609375000000000e+00 1.182362435609244505e-02 6.800000000000000000e+01
1.603515625000000000e+00 1.470455015957038841e-02 6.800000000000000000e+01
1.607421875000000000e+00 1.272635448850816323e-02 6.800000000000000000e+01
1.611328125000000000e+00 9.860474408692841003e-03 6.800000000000000000e+01
1.615234375000000000e+00 1.258067938945201837e-02 6.800000000000000000e+01
1.619140625000000000e+00 1.249587987917482983e-02 6.800000000000000000e+01
1.623046875000000000e+00 9.768920548388040220e-03 6.800000000000000000e+01
1.626953125000000000e+00 1.189362173531357224e-02 6.800000000000000000e+01
1.630859375000000000e+00 1.170128005564626678e-02 6.800000000000000000e+01
1.634765625000000000e+00 1.185869702434420338e-02 6.800000000000000000e+01
1.638671875000000000e+00 1.016271129184331129e-02 6.800000000000000000e+01
1.642578125000000000e+00 7.608150680131538918e-03 6.800000000000000000e+01
1.646484375000000000e+00 1.026280505634111218e-02 6.800000000000000000e+01
1.650390625000000000e+00 9.340839303386617998e-03 6.800000000000000000e+01
1.654296875000000000e+00 1.020279683357706857e-02 6.800000000000000000e+01
1.658203125000000000e+00 8.715051884586448930e-03 6.800000000000000000e+01
1.662109375000000000e+00 9.031066672640131882e-03 6.800000000000000000e+01
1.666015625000000000e+00 7.935475318339938605e-03 6.800000000000000000e+01
1.669921875000000000e+00 9.869150119956426881e-03 6.800000000000000000e+01
1.673828125000000000e+00 7.213057866960496597e-03 6.800000000000000000e+01
1.677734375000000000e+00 8.533091746797586905e-03 6.800000000000000000e+01
1.681640625000000000e+00 9.810952333072903847e-03 6.800000000000000000e+01
1.685546875000000000e+00 7.704221035505487251e-03 6.800000000000000000e+01
1.689453125000000000e+00 6.491480740852274486e-03 6.800000000000000000e+01
1.693359375000000000e+00 9.712937348297673301e-03 6.800000000000000000e+01
1.697265625000000000e+00 9.102021872795899859e-03 6.800000000000000000e+01
1.701171875000000000e+00 9.562950198915384781e-03 6.800000000000000000e+01
1.705078125000000000e+00 7.378816034871399018e-03 6.800000000000000000e+01
1.708984375000000000e+00 6.776451299277237716e-03 6.800000000000000000e+01
1.712890625000000000e+00 8.155466187234745173e-03 6.800000000000000000e+01
1.716796875000000000e+00 5.903306913906291448e-03 6.800000000000000000e+01
1.720703125000000000e+00 7.986284970289421470e-03 6.800000000000000000e+01
1.724609375000000000e+00 6.711490991259202836e-03 6.800000000000000000e+01
1.728515625000000000e+00 4.772053202182678644e-03 6.800000000000000000e+01
1.732421875000000000e+00 7.310891806168406254e-03 6.800000000000000000e+01
1.736328125000000000e+00 5.635864757156282961e-03 6.800000000000000000e+01
1.740234375000000000e+00 5.018869517121278545e-03 6.800000000000000000e+01
1.744140625000000000e+00 4.754071392515015620e-03 6.800000000000000000e+01
1.748046875000000000e+00 6.079013497385278228e-03 6.800000000000000000e+01
1.751953125000000000e+00 5.340253466057916752e-03 6.800000000000000000e+01
1.755859375000000000e+00 5.612333433390574028e-03 6.800000000000000000e+01
1.759765625000000000e+00 6.533355388307768991e-03 6.800000000000000000e+01
1.763671875000000000e+00 6.424097952566787742e-03 6.800000000000000000e+01
1.767578125000000000e+00 6.712614009289064737e-03 6.800000000000000000e+01
1.771484375000000000e+00 4.532605600856404009e-03 6.800000000000000000e+01
1.775390625000000000e+00 4.422419871494068233e-03 6.800000000000000000e+01
1.779296875000000000e+00 5.077287827927254305e-03 6.800000000000000000e+01
1.783203125000000000e+00 5.793208488788076198e-03 6.800000000000000000e+01
1.787109375000000000e+00 5.681235083066727733e-03 6.800000000000000000e+01
1.791015625000000000e+00 3.440141515491721216e-03 6.800000000000000000e+01
1.794921875000000000e+00 4.969377814853505500e-03 6.800000000000000000e+01
1.798828125000000000e+00 4.280807721391478859e-03 6.800000000000000000e+01
1.802734375000000000e+00 5.349930820188765132e-03 6.800000000000000000e+01
1.806640625000000000e+00 4.294843068743618882e-03 6.800000000000000000e+01
1.810546875000000000e+00 4.287911009287971587e-03 6.800000000000000000e+01
1.814453125000000000e+00 4.816316991574781659e-03 6.800000000000000000e+01
1.818359375000000000e+00 5.092116537008704695e-03 6.800000000000000000e+01
1.822265625000000000e+00 5.818918390993945734e-03 6.800000000000000000e+01
1.826171875000000000e+00 4.715854304636554056e-03 6.800000000000000000e+01
1.830078125000000000e+00 4.714660239937358034e-03 6.800000000000000000e+01
1.833984375000000000e+00 4.511802253619901643e-03 6.800000000000000000e+01
1.837890625000000000e+00 5.149291034293221325e-03 6.800000000000000000e+01
1.841796875000000000e+00 3.804560585341243591e-03 6.800000000000000000e+01
1.845703125000000000e+00 3.992577415445027096e-03 6.800000000000000000e+01
1.849609375000000000e+00 5.641845537034508376e-03 6.800000000000000000e+01
1.853515625000000000e+00 4.783862948143929525e-03 6.800000000000000000e+01
1.857421875000000000e+00 5.345154510259267529e-03 6.800000000000000000e+01
1.861328125000000000e+00 4.965688616676768030e-03 6.800000000000000000e+01
1.865234375000000000e+00 4.693811803457983295e-03 6.800000000000000000e+01
1.869140625000000000e+00 5.549200120091354188e-03 6.800000000000000000e+01
1.873046875000000000e+00 4.047987471253139229e-03 6.800000000000000000e+01
1.876953125000000000e+00 4.247510226724834567e-03 6.800000000000000000e+01
1.880859375000000000e+00 4.496691166375480810e-03 6.800000000000000000e+01
1.884765625000000000e+00 5.611120352115040941e-03 6.800000000000000000e+01
1.888671875000000000e+00 4.274254389580316692e-03 6.800000000000000000e+01
1.892578125000000000e+00 4.743582551179252073e-03 6.800000000000000000e+01
1.896484375000000000e+00 4.433015109832128854e-03 6.800000000000000000e+01
1.900390625000000000e+00 4.765840900306380148e-03 6.800000000000000000e+01
1.904296875000000000e+00 4.457763817871170965e-03 6.800000000000000000e+01
1.908203125000000000e+00 3.931747065692482029e-03 6.800000000000000000e+01
1.912109375000000000e+00 4.013335370450984811e-03 6.800000000000000000e+01
1.916015625000000000e+00 4.103627594567488442e-03 6.800000000000000000e+01
1.919921875000000000e+00 4.928491372199216881e-03 6.800000000000000000e+01
1.923828125000000000e+00 4.829711182423018952e-03 6.800000000000000000e+01
1.927734375000000000e+00 4.074433761803605142e-03 6.800000000000000000e+01
1.931640625000000000e+00 4.155565311576142444e-03 6.800000000000000000e+01
1.935546875000000000e+00 3.715678723802100757e-03 6.800000000000000000e+01
1.939453125000000000e+00 3.397084705972109632e-03 6.800000000000000000e+01
1.943359375000000000e+00 3.660220726779345960e-03 6.800000000000000000e+01
1.947265625000000000e+00 4.523118952728983830e-03 6.800000000000000000e+01
1.951171875000000000e+00 3.725301241222585616e-03 6.800000000000000000e+01
1.955078125000000000e+00 5.799089389895650815e-03 6.800000000000000000e+01
1.958984375000000000e+00 4.384793026492180522e-03 6.800000000000000000e+01
1.962890625000000000e+00 3.314146984497187785e-03 6.800000000000000000e+01
1.966796875000000000e+00 3.877197883312014006e-03 6.800000000000000000e+01
1.970703125000000000e+00 3.945921511574221156e-03 6.800000000000000000e+01
1.974609375000000000e+00 4.219453203796822045e-03 6.800000000000000000e+01
1.978515625000000000e+00 4.148959591472085526e-03 6.800000000000000000e+01
1.982421875000000000e+00 4.723540135749501080e-03 6.800000000000000000e+01
1.986328125000000000e+00 4.099251301816857901e-03 6.800000000000000000e+01
1.990234375000000000e+00 4.298964877368753774e-03 6.800000000000000000e+01
1.994140625000000000e+00 3.234705891394660821e-03 6.800000000000000000e+01
1.998046875000000000e+00 3.004418221116052137e-03 6.800000000000000000e+01
2.001953125000000000e+00 3.788583816505323304e-03 6.800000000000000000e+01
2.005859375000000000e+00 3.726967288792308944e-03 6.800000000000000000e+01
2.009765625000000000e+00 4.839897842004343108e-03 6.800000000000000000e+01
2.013671875000000000e+00 3.953220413506854103e-03 6.800000000000000000e+01
2.017578125000000000e+00 4.278729361452745551e-03 6.800000000000000000e+01
2.021484375000000000e+00 3.404501566103426604e-03 6.800000000000000000e+01
2.025390625000000000e+00 3.576813637079718274e-03 6.800000000000000000e+01
2.029296875000000000e+00 4.807104775573825192e-03 6.800000000000000000e+01
2.033203125000000000e+00 4.157998648533945719e-03 6.800000000000000000e+01
2.037109375000000000e+00 4.073633330688567790e-03 6.800000000000000000e+01
2.041015625000000000e+00 3.389256471137000286e-03 6.800000000000000000e+01
2.044921875000000000e+00 3.636373134676275810e-03 6.800000000000000000e+01
2.048828125000000000e+00 2.969970441976717106e-03 6.800000000000000000e+01
2.052734375000000000e+00 3.865282368092882396e-03 6.800000000000000000e+01
2.056640625000000000e+00 3.324416541093157870e-03 6.800000000000000000e+01
2.060546875000000000e+00 3.524764214403842879e-03 6.800000000000000000e+01
2.064453125000000000e+00 3.752106071403736934e-03 6.800000000000000000e+01
2.068359375000000000e+00 3.274872707599772899e-03 6.800000000000000000e+01
2.072265625000000000e+00 4.061614176653967345e-03 6.800000000000000000e+01
2.076171875000000000e+00 4.951819483788130749e-03 6.800000000000000000e+01
2.080078125000000000e+00 4.244523729697758860e-03 6.800000000000000000e+01
2.083984375000000000e+00 3.430840594820504155e-03 6.800000000000000000e+01
2.087890625000000000e+00 3.131083297348482425e-03 6.800000000000000000e+01
2.091796875000000000e+00 4.293587946840654243e-03 6.800000000000000000e+01
2.095703125000000000e+00 4.676962430381427331e-03 6.800000000000000000e+01
2.099609375000000000e+00 5.522057195602740089e-03 6.800000000000000000e+01
2.103515625000000000e+00 3.757524929826729435e-03 6.800000000000000000e+01
2.107421875000000000e+00 3.824468833267130781e-03 6.800000000000000000e+01
2.111328125000000000e+00 3.865465931374411409e-03 6.800000000000000000e+01
2.115234375000000000e+00 4.119878246876708741e-03 6.800000000000000000e+01
2.119140625000000000e+00 4.838935743433821386e-03 6.800000000000000000e+01
2.123046875000000000e+00 2.784310926845579362e-03 6.800000000000000000e+01
2.126953125000000000e+00 4.573264250871502019e-03 6.800000000000000000e+01
2.130859375000000000e+00 4.487357067306478077e-03 6.800000000000000000e+01
2.134765625000000000e+00 4.024944630483038958e-03 6.800000000000000000e+01
2.138671875000000000e+00 3.730055079886906034e-03 6.800000000000000000e+01
2.142578125000000000e+00 4.176113580451027915e-03 6.800000000000000000e+01
2.146484375000000000e+00 5.012067836401153456e-03 6.800000000000000000e+01
2.150390625000000000e+00 3.572241499808899434e-03 6.800000000000000000e+01
2.154296875000000000e+00 3.553756894755197380e-03 6.800000000000000000e+01
2.158203125000000000e+00 3.577310575315911442e-03 6.800000000000000000e+01
2.162109375000000000e+00 3.541487503612566427e-03 6.800000000000000000e+01
2.166015625000000000e+00 3.891815604765957223e-03 6.800000000000000000e+01
2.169921875000000000e+00 3.760035811623117352e-03 6.800000000000000000e+01
2.173828125000000000e+00 3.749982448754698994e-03 6.800000000000000000e+01
2.177734375000000000e+00 3.206220545984908403e-03 6.800000000000000000e+01
2.181640625000000000e+00 3.632810435781711270e-03 6.800000000000000000e+01
2.185546875000000000e+00 3.827920678565387754e-03 6.800000000000000000e+01
2.189453125000000000e+00 4.043073084002851876e-03 6.800000000000000000e+01
2.193359375000000000e+00 3.643010947322755308e-03 6.800000000000000000e+01
2.197265625000000000e+00 3.346404862089597063e-03 6.800000000000000000e+01
2.201171875000000000e+00 4.175610151264677605e-03 6.800000000000000000e+01
2.205078125000000000e+00 3.886155360835716419e-03 6.800000000000000000e+01
2.208984375000000000e+00 2.959057457306363097e-03 6.800000000000000000e+01
2.212890625000000000e+00 3.250731388312437520e-03 6.800000000000000000e+01
2.216796875000000000e+00 4.276928562256651981e-03 6.800000000000000000e+01
2.220703125000000000e+00 4.537207074812111933e-03 6.800000000000000000e+01
2.224609375000000000e+00 3.612097796901620524e-03 6.800000000000000000e+01
2.228515625000000000e+00 2.797104087229228524e-03 6.800000000000000000e+01
2.232421875000000000e+00 3.813258736972193266e-03 6.800000000000000000e+01
2.236328125000000000e+00 4.076890391424308445e-03 6.800000000000000000e+01
2.240234375000000000e+00 3.827763348404612104e-03 6.800000000000000000e+01
2.244140625000000000e+00 3.715608536000715185e-03 6.800000000000000000e+01
2.248046875000000000e+00 3.217165784563358853e-03 6.800000000000000000e+01
2.251953125000000000e+00 3.322781461605678506e-03 6.800000000000000000e+01
2.255859375000000000e+00 3.440114877588109146e-03 6.800000000000000000e+01
2.259765625000000000e+00 3.562481330149926649e-03 6.800000000000000000e+01
2.263671875000000000e+00 3.935281885195083575e-03 6.800000000000000000e+01
2.267578125000000000e+00 2.787714477380988203e-03 6.800000000000000000e+01
2.271484375000000000e+00 3.640749453967720602e-03 6.800000000000000000e+01
2.275390625000000000e+00 3.752216422127584682e-03 6.800000000000000000e+01
2.279296875000000000e+00 3.809661130378189792e-03 6.800000000000000000e+01
2.283203125000000000e+00 4.490960081065277325e-03 6.800000000000000000e+01
2.287109375000000000e+00 3.262721476140892016e-03 6.800000000000000000e+01
2.291015625000000000e+00 3.499842513098400977e-03 6.800000000000000000e+01
2.294921875000000000e+00 3.450904281866728172e-03 6.800000000000000000e+01
2.298828125000000000e+00 3.543267402418420319e-03 6.800000000000000000e+01
2.302734375000000000e+00 3.553182171893973663e-03 6.800000000000000000e+01
2.306640625000000000e+00 3.712458991941795274e-03 6.800000000000000000e+01
2.310546875000000000e+00 3.530919869828207710e-03 6.800000000000000000e+01
2.314453125000000000e+00 3.565746696661694758e-03 6.800000000000000000e+01
2.318359375000000000e+00 3.809818181399385502e-03 6.800000000000000000e+01
2.322265625000000000e+00 3.037990476760277486e-03 6.800000000000000000e+01
2.326171875000000000e+00 2.965472360182782284e-03 6.800000000000000000e+01
2.330078125000000000e+00 2.866067611047990338e-03 6.800000000000000000e+01
2.333984375000000000e+00 3.539943687699880805e-03 6.800000000000000000e+01
2.337890625000000000e+00 4.086759393455583790e-03 6.800000000000000000e+01
2.341796875000000000e+00 4.214153184185955546e-03 6.800000000000000000e+01
2.345703125000000000e+00 3.260139914823790511e-03 6.800000000000000000e+01
2.349609375000000000e+00 3.347319396637586566e-03 6.800000000000000000e+01
2.353515625000000000e+00 3.135783377496239623e-03 6.800000000000000000e+01
2.357421875000000000e+00 3.431718100477499419e-03 6.800000000000000000e+01
2.361328125000000000e+00 3.578068273627798158e-03 6.800000000000000000e+01
2.365234375000000000e+00 3.174809394404157561e-03 6.800000000000000000e+01
2.369140625000000000e+00 3.314705682747462554e-03 6.800000000000000000e+01
2.373046875000000000e+00 3.178456684361438689e-03 6.800000000000000000e+01
2.376953125000000000e+00 3.264643348249503252e-03 6.800000000000000000e+01
2.380859375000000000e+00 4.111664553185080326e-03 6.800000000000000000e+01
2.384765625000000000e+00 3.257447788577617822e-03 6.800000000000000000e+01
2.388671875000000000e+00 3.965447685504608355e-03 6.800000000000000000e+01
2.392578125000000000e+00 3.699761606483147319e-03 6.800000000000000000e+01
2.396484375000000000e+00 3.796247997626053805e-03 6.800000000000000000e+01
2.400390625000000000e+00 4.233971883060773378e-03 6.800000000000000000e+01
2.404296875000000000e+00 3.969030943386852271e-03 6.800000000000000000e+01
2.408203125000000000e+00 4.104125605915701427e-03 6.800000000000000000e+01
2.412109375000000000e+00 4.399144001938467413e-03 6.800000000000000000e+01
2.416015625000000000e+00 4.657646966035400640e-03 6.800000000000000000e+01
2.419921875000000000e+00 4.599984130086593945e-03 6.800000000000000000e+01
2.423828125000000000e+00 3.301726911096698139e-03 6.800000000000000000e+01
2.427734375000000000e+00 4.438466783542475112e-03 6.800000000000000000e+01
2.431640625000000000e+00 3.758171612480956832e-03 6.800000000000000000e+01
2.435546875000000000e+00 5.357865538930769653e-03 6.800000000000000000e+01
2.439453125000000000e+00 3.641428719468308220e-03 6.800000000000000000e+01
2.443359375000000000e+00 4.166833121200566939e-03 6.800000000000000000e+01
2.447265625000000000e+00 4.183475444835239691e-03 6.800000000000000000e+01
2.451171875000000000e+00 4.926033709851081362e-03 6.800000000000000000e+01
2.455078125000000000e+00 3.949873093334973009e-03 6.800000000000000000e+01
2.458984375000000000e+00 5.245346437054619615e-03 6.800000000000000000e+01
2.462890625000000000e+00 4.532732819293934165e-03 6.800000000000000000e+01
2.466796875000000000e+00 4.210288329990929078e-03 6.800000000000000000e+01
2.470703125000000000e+00 4.557206352778887110e-03 6.800000000000000000e+01
2.474609375000000000e+00 4.839592432462552947e-03 6.800000000000000000e+01
2.478515625000000000e+00 4.642069287047885864e-03 6.800000000000000000e+01
2.482421875000000000e+00 4.439852012094673561e-03 6.800000000000000000e+01
2.486328125000000000e+00 5.010734851300367200e-03 6.800000000000000000e+01
2.490234375000000000e+00 5.991002874450436153e-03 6.800000000000000000e+01
2.494140625000000000e+00 4.432673227179406185e-03 6.800000000000000000e+01
2.498046875000000000e+00 6.377861506250520097e-03 6.800000000000000000e+01
2.501953125000000000e+00 5.809939774743054508e-03 6.800000000000000000e+01
2.505859375000000000e+00 4.572044800266144952e-03 6.800000000000000000e+01
2.509765625000000000e+00 6.531279631100443683e-03 6.800000000000000000e+01
2.513671875000000000e+00 4.891855315989428708e-03 6.800000000000000000e+01
2.517578125000000000e+00 5.948374618428651367e-03 6.800000000000000000e+01
2.521484375000000000e+00 6.038374581045158167e-03 6.800000000000000000e+01
2.525390625000000000e+00 5.338639231200867537e-03 6.800000000000000000e+01
2.529296875000000000e+00 6.017246198083415522e-03 6.800000000000000000e+01
2.533203125000000000e+00 6.577707172528348724e-03 6.800000000000000000e+01
2.537109375000000000e+00 5.889809291161918550e-03 6.800000000000000000e+01
2.541015625000000000e+00 7.752822021849759340e-03 6.800000000000000000e+01
2.544921875000000000e+00 7.182537882157787913e-03 6.800000000000000000e+01
2.548828125000000000e+00 6.681228466344618297e-03 6.800000000000000000e+01
2.552734375000000000e+00 6.562916723073771233e-03 6.800000000000000000e+01
2.556640625000000000e+00 6.039337288224064064e-03 6.800000000000000000e+01
2.560546875000000000e+00 6.672887861502556535e-03 6.800000000000000000e+01
2.564453125000000000e+00 5.955741249527204094e-03 6.800000000000000000e+01
2.568359375000000000e+00 6.140724119840455450e-03 6.800000000000000000e+01
2.572265625000000000e+00 6.335051526993560299e-03 6.800000000000000000e+01
2.576171875000000000e+00 8.528275224721082112e-03 6.800000000000000000e+01
2.580078125000000000e+00 7.589850879266150756e-03 6.800000000000000000e+01
2.583984375000000000e+00 7.459912376593587878e-03 6.800000000000000000e+01
2.587890625000000000e+00 6.483955841486668988e-03 6.800000000000000000e+01
2.591796875000000000e+00 7.653659185447318249e-03 6.800000000000000000e+01
2.595703125000000000e+00 4.946103106597012772e-03 6.800000000000000000e+01
2.599609375000000000e+00 7.761161916093987055e-03 6.800000000000000000e+01
2.603515625000000000e+00 9.285421762074280716e-03 6.800000000000000000e+01
2.607421875000000000e+00 7.266345723443006464e-03 6.800000000000000000e+01
2.611328125000000000e+00 5.466720947369304966e-03 6.800000000000000000e+01
2.615234375000000000e+00 4.304036972793349146e-03 6.800000000000000000e+01
2.619140625000000000e+00 7.952971029103365203e-03 6.800000000000000000e+01
2.623046875000000000e+00 7.503044983172167323e-03 6.800000000000000000e+01
2.626953125000000000e+00 6.484324785728173141e-03 6.800000000000000000e+01
2.630859375000000000e+00 5.787140716331004575e-03 6.800000000000000000e+01
2.634765625000000000e+00 7.998506965584928699e-03 6.800000000000000000e+01
2.638671875000000000e+00 7.039229419539691328e-03 6.800000000000000000e+01
2.642578125000000000e+00 7.679350767035859893e-03 6.800000000000000000e+01
2.646484375000000000e+00 7.670600992643878194e-03 6.800000000000000000e+01
2.650390625000000000e+00 9.524714084136281372e-03 6.800000000000000000e+01
2.654296875000000000e+00 5.983120361082928940e-03 6.800000000000000000e+01
2.658203125000000000e+00 7.903171407380617589e-03 6.800000000000000000e+01
2.662109375000000000e+00 7.138183173988271908e-03 6.800000000000000000e+01
2.666015625000000000e+00 9.650735271876785537e-03 6.800000000000000000e+01
2.669921875000000000e+00 6.784601148789416898e-03 6.800000000000000000e+01
2.673828125000000000e+00 6.076312767957631027e-03 6.800000000000000000e+01
2.677734375000000000e+00 6.884393261927462294e-03 6.800000000000000000e+01
2.681640625000000000e+00 6.846283959029293362e-03 6.800000000000000000e+01
2.685546875000000000e+00 8.043509230502387045e-03 6.800000000000000000e+01
2.689453125000000000e+00 6.026349388275622880e-03 6.800000000000000000e+01
2.693359375000000000e+00 6.985063870090379642e-03 6.800000000000000000e+01
2.697265625000000000e+00 6.636859876099372897e-03 6.800000000000000000e+01
2.701171875000000000e+00 8.028907175462377324e-03 6.800000000000000000e+01
2.705078125000000000e+00 5.127946879844833689e-03 6.800000000000000000e+01
2.708984375000000000e+00 5.970291222835369047e-03 6.800000000000000000e+01
2.712890625000000000e+00 5.046075566895295156e-03 6.800000000000000000e+01
2.716796875000000000e+00 6.707277192459075790e-03 6.800000000000000000e+01
2.720703125000000000e+00 7.320177115978986591e-03 6.800000000000000000e+01
2.724609375000000000e+00 8.386800837724792124e-03 6.800000000000000000e+01
2.728515625000000000e+00 5.414386767747611344e-03 6.800000000000000000e+01
2.732421875000000000e+00 6.815876870248879262e-03 6.800000000000000000e+01
2.736328125000000000e+00 6.511636241228738707e-03 6.800000000000000000e+01
2.740234375000000000e+00 5.895189082574385162e-03 6.800000000000000000e+01
2.744140625000000000e+00 6.749579754642137316e-03 6.800000000000000000e+01
2.748046875000000000e+00 5.186045379127347810e-03 6.800000000000000000e+01
2.751953125000000000e+00 8.607741512307710494e-03 6.800000000000000000e+01
2.755859375000000000e+00 4.697836458641029174e-03 6.800000000000000000e+01
2.759765625000000000e+00 5.188405712130601984e-03 6.800000000000000000e+01
2.763671875000000000e+00 7.094552777128807983e-03 6.800000000000000000e+01
2.767578125000000000e+00 7.241485507372355697e-03 6.800000000000000000e+01
2.771484375000000000e+00 8.296885186356732500e-03 6.800000000000000000e+01
2.775390625000000000e+00 5.524980678415442395e-03 6.800000000000000000e+01
2.779296875000000000e+00 5.742887828411569716e-03 6.800000000000000000e+01
2.783203125000000000e+00 6.970741954777509575e-03 6.800000000000000000e+01
2.787109375000000000e+00 7.318364807860282088e-03 6.800000000000000000e+01
2.791015625000000000e+00 6.130426273426460744e-03 6.800000000000000000e+01
2.794921875000000000e+00 7.288004357684549350e-03 6.800000000000000000e+01
2.798828125000000000e+00 5.900893692218684219e-03 6.800000000000000000e+01
2.802734375000000000e+00 4.548329767076975116e-03 6.800000000000000000e+01
2.806640625000000000e+00 5.022666693221496115e-03 6.800000000000000000e+01
2.810546875000000000e+00 5.337272708099865745e-03 6.800000000000000000e+01
2.814453125000000000e+00 6.188260394089422668e-03 6.800000000000000000e+01
2.818359375000000000e+00 6.420816855050647670e-03 6.800000000000000000e+01
2.822265625000000000e+00 7.948295355807700330e-03 6.800000000000000000e+01
2.826171875000000000e+00 4.386822692881963900e-03 6.800000000000000000e+01
2.830078125000000000e+00 6.358556726420653248e-03 6.800000000000000000e+01
2.833984375000000000e+00 7.649827070115251815e-03 6.800000000000000000e+01
2.837890625000000000e+00 6.054390623561333416e-03 6.800000000000000000e+01
2.841796875000000000e+00 4.922927203540886087e-03 6.800000000000000000e+01
2.845703125000000000e+00 4.230112799944707978e-03 6.800000000000000000e+01
2.849609375000000000e+00 6.394739087821123616e-03 6.800000000000000000e+01
2.853515625000000000e+00 5.686926588155985854e-03 6.800000000000000000e+01
2.857421875000000000e+00 5.875763924102044011e-03 6.800000000000000000e+01
2.861328125000000000e+00 5.623025674669318921e-03 6.800000000000000000e+01
2.865234375000000000e+00 5.185102607804666433e-03 6.800000000000000000e+01
2.869140625000000000e+00 6.930892001220311308e-03 6.800000000000000000e+01
2.873046875000000000e+00 5.873506520723571593e-03 6.800000000000000000e+01
2.876953125000000000e+00 4.447743852313596966e-03 6.800000000000000000e+01
2.880859375000000000e+00 4.508541951701937334e-03 6.800000000000000000e+01
2.884765625000000000e+00 5.380788401636703126e-03 6.800000000000000000e+01
2.888671875000000000e+00 5.001252661646962347e-03 6.800000000000000000e+01
2.892578125000000000e+00 4.942234630005906161e-03 6.800000000000000000e+01
2.896484375000000000e+00 4.111630239256320284e-03 6.800000000000000000e+01
2.900390625000000000e+00 5.159380609532807777e-03 6.800000000000000000e+01
2.904296875000000000e+00 4.842416949387266280e-03 6.800000000000000000e+01
2.908203125000000000e+00 3.720588374671832989e-03 6.800000000000000000e+01
2.912109375000000000e+00 4.514796388651644461e-03 6.800000000000000000e+01
2.916015625000000000e+00 4.458428815667820136e-03 6.800000000000000000e+01
2.919921875000000000e+00 4.522181041208412668e-03 6.800000000000000000e+01
2.923828125000000000e+00 6.545234325300929024e-03 6.800000000000000000e+01
2.927734375000000000e+00 3.941003203620853899e-03 6.800000000000000000e+01
2.931640625000000000e+00 5.600005059906701041e-03 6.800000000000000000e+01
2.935546875000000000e+00 4.903893754243374668e-03 6.800000000000000000e+01
2.939453125000000000e+00 5.013882810582052756e-03 6.800000000000000000e+01
2.943359375000000000e+00 5.008794487972065973e-03 6.800000000000000000e+01
2.947265625000000000e+00 4.485520524622629845e-03 6.800000000000000000e+01
2.951171875000000000e+00 6.744324197957744273e-03 6.800000000000000000e+01
2.955078125000000000e+00 5.408350276006858998e-03 6.800000000000000000e+01
2.958984375000000000e+00 4.464758092651632988e-03 6.800000000000000000e+01
2.962890625000000000e+00 5.462692715737408472e-03 6.800000000000000000e+01
2.966796875000000000e+00 4.818928975803538767e-03 6.800000000000000000e+01
2.970703125000000000e+00 5.528056986898979147e-03 6.800000000000000000e+01
2.974609375000000000e+00 4.892387038610591932e-03 6.800000000000000000e+01
2.978515625000000000e+00 4.347323751753052329e-03 6.800000000000000000e+01
2.982421875000000000e+00 5.910467925612419154e-03 6.800000000000000000e+01
2.986328125000000000e+00 5.380069741897425782e-03 6.800000000000000000e+01
2.990234375000000000e+00 4.530902975021400270e-03 6.800000000000000000e+01
2.994140625000000000e+00 4.739008500595023182e-03 6.800000000000000000e+01
2.998046875000000000e+00 4.740901068393213458e-03 6.800000000000000000e+01
3.001953125000000000e+00 3.467932261557956676e-03 6.800000000000000000e+01
3.005859375000000000e+00 3.674330950391337201e-03 6.800000000000000000e+01
3.009765625000000000e+00 4.364972038915275465e-03 6.800000000000000000e+01
3.013671875000000000e+00 3.829857457185320731e-03 6.800000000000000000e+01
3.017578125000000000e+00 4.253810876295906727e-03 6.800000000000000000e+01
3.021484375000000000e+00 6.177556723763956599e-03 6.800000000000000000e+01
3.025390625000000000e+00 4.877378942595413103e-03 6.800000000000000000e+01
3.029296875000000000e+00 3.854558790114970962e-03 6.800000000000000000e+01
3.033203125000000000e+00 3.795060745798414618e-03 6.800000000000000000e+01
3.037109375000000000e+00 5.076617322248030625e-03 6.800000000000000000e+01
3.041015625000000000e+00 4.440527880381175616e-03 6.800000000000000000e+01
3.044921875000000000e+00 4.554208719417747291e-03 6.800000000000000000e+01
3.048828125000000000e+00 4.112144552637260475e-03 6.800000000000000000e+01
3.052734375000000000e+00 4.171008421462725317e-03 6.800000000000000000e+01
3.056640625000000000e+00 4.477477245719885084e-03 6.800000000000000000e+01
3.060546875000000000e+00 3.954954842398476604e-03 6.800000000000000000e+01
3.064453125000000000e+00 3.556953094735646696e-03 6.800000000000000000e+01
3.068359375000000000e+00 4.000134084141510407e-03 6.800000000000000000e+01
3.072265625000000000e+00 4.724344685286788366e-03 6.800000000000000000e+01
3.076171875000000000e+00 4.641060776745854072e-03 6.800000000000000000e+01
3.080078125000000000e+00 5.012453848974899109e-03 6.800000000000000000e+01
3.083984375000000000e+00 3.244931225751970447e-03 6.800000000000000000e+01
3.087890625000000000e+00 3.058797479807164304e-03 6.800000000000000000e+01
3.091796875000000000e+00 3.334010018254034667e-03 6.800000000000000000e+01
3.095703125000000000e+00 3.094961108671997856e-03 6.800000000000000000e+01
3.099609375000000000e+00 3.611357732712753687e-03 6.800000000000000000e+01
3.103515625000000000e+00 3.970990502821485600e-03 6.800000000000000000e+01
3.107421875000000000e+00 4.048141768356868474e-03 6.800000000000000000e+01
3.111328125000000000e+00 4.593707297890714525e-03 6.800000000000000000e+01
3.115234375000000000e+00 4.357410072663580811e-03 6.800000000000000000e+01
3.119140625000000000e+00 4.089373068382877799e-03 6.800000000000000000e+01
3.123046875000000000e+00 4.316236204542731048e-03 6.800000000000000000e+01
3.126953125000000000e+00 3.932188125373053608e-03 6.800000000000000000e+01
3.130859375000000000e+00 3.784193615811100829e-03 6.800000000000000000e+01
3.134765625000000000e+00 3.308102302852218828e-03 6.800000000000000000e+01
3.138671875000000000e+00 3.422623709355114650e-03 6.800000000000000000e+01
3.142578125000000000e+00 3.702233332713831399e-03 6.800000000000000000e+01
3.146484375000000000e+00 3.348838592489670855e-03 6.800000000000000000e+01
3.150390625000000000e+00 2.923377306510217821e-03 6.800000000000000000e+01
3.154296875000000000e+00 2.867699294512223232e-03 6.800000000000000000e+01
3.158203125000000000e+00 3.949699951833223442e-03 6.800000000000000000e+01
3.162109375000000000e+00 4.062821792206412763e-03 6.800000000000000000e+01
3.166015625000000000e+00 3.449244781466726580e-03 6.800000000000000000e+01
3.169921875000000000e+00 2.936766369308687740e-03 6.800000000000000000e+01
3.173828125000000000e+00 3.531307055495967653e-03 6.800000000000000000e+01
3.177734375000000000e+00 3.140309487474087554e-03 6.800000000000000000e+01
3.181640625000000000e+00 3.410010761204132056e-03 6.800000000000000000e+01
3.185546875000000000e+00 2.875391243164748464e-03 6.800000000000000000e+01
3.189453125000000000e+00 3.174504669449683923e-03 6.800000000000000000e+01
3.193359375000000000e+00 2.715395232707294194e-03 6.800000000000000000e+01
3.197265625000000000e+00 3.042074923992356232e-03 6.800000000000000000e+01
3.201171875000000000e+00 3.319965338258783205e-03 6.800000000000000000e+01
3.205078125000000000e+00 3.236832647280099996e-03 6.800000000000000000e+01
3.208984375000000000e+00 3.540808770083238386e-03 6.800000000000000000e+01
3.212890625000000000e+00 2.567260119894235627e-03 6.800000000000000000e+01
3.216796875000000000e+00 3.596192703622694189e-03 6.800000000000000000e+01
3.220703125000000000e+00 3.636787238315354696e-03 6.800000000000000000e+01
3.224609375000000000e+00 2.718200965113259319e-03 6.800000000000000000e+01
3.228515625000000000e+00 2.080886025687006449e-03 6.800000000000000000e+01
3.232421875000000000e+00 3.159500918375665428e-03 6.800000000000000000e+01
3.236328125000000000e+00 2.147124837254790058e-03 6.800000000000000000e+01
3.240234375000000000e+00 3.055341621151793242e-03 6.800000000000000000e+01
3.244140625000000000e+00 2.598630018624758630e-03 6.800000000000000000e+01
3.248046875000000000e+00 2.915851212077929556e-03 6.800000000000000000e+01
3.251953125000000000e+00 3.000707975913089517e-03 6.800000000000000000e+01
3.255859375000000000e+00 3.143909864577428166e-03 6.800000000000000000e+01
3.259765625000000000e+00 2.541780728203813216e-03 6.800000000000000000e+01
3.263671875000000000e+00 1.993461642155254943e-03 6.800000000000000000e+01
3.267578125000000000e+00 2.653410356623832171e-03 6.800000000000000000e+01
3.271484375000000000e+00 3.059715932746808788e-03 6.800000000000000000e+01
3.275390625000000000e+00 2.449849575636568397e-03 6.800000000000000000e+01
3.279296875000000000e+00 2.745747552070436880e-03 6.800000000000000000e+01
3.283203125000000000e+00 2.382611729080961593e-03 6.800000000000000000e+01
3.287109375000000000e+00 2.255484157202193845e-03 6.800000000000000000e+01
3.291015625000000000e+00 2.339621975548082482e-03 6.800000000000000000e+01
3.294921875000000000e+00 2.442627349830701899e-03 6.800000000000000000e+01
3.298828125000000000e+00 2.491916657531620134e-03 6.800000000000000000e+01
3.302734375000000000e+00 2.157778222120329027e-03 6.800000000000000000e+01
3.306640625000000000e+00 2.031041374293889208e-03 6.800000000000000000e+01
3.310546875000000000e+00 2.382447412350160304e-03 6.800000000000000000e+01
3.314453125000000000e+00 3.151866013730160801e-03 6.800000000000000000e+01
3.318359375000000000e+00 3.123205136731242639e-03 6.800000000000000000e+01
3.322265625000000000e+00 2.386744371558172789e-03 6.800000000000000000e+01
3.326171875000000000e+00 3.110646020829137791e-03 6.800000000000000000e+01
3.330078125000000000e+00 1.963544112822662030e-03 6.800000000000000000e+01
3.333984375000000000e+00 2.097901883071964183e-03 6.800000000000000000e+01
3.337890625000000000e+00 2.336822448152997903e-03 6.800000000000000000e+01
3.341796875000000000e+00 2.476235543331729676e-03 6.800000000000000000e+01
3.345703125000000000e+00 2.228795727606025338e-03 6.800000000000000000e+01
3.349609375000000000e+00 2.591674932142972593e-03 6.800000000000000000e+01
3.353515625000000000e+00 2.312058102176183395e-03 6.800000000000000000e+01
3.357421875000000000e+00 2.073174881302358025e-03 6.800000000000000000e+01
3.361328125000000000e+00 2.480619844478205126e-03 6.800000000000000000e+01
3.365234375000000000e+00 1.570811256760859184e-03 6.800000000000000000e+01
3.369140625000000000e+00 2.200453214590456733e-03 6.800000000000000000e+01
3.373046875000000000e+00 2.051456306201669168e-03 6.800000000000000000e+01
3.376953125000000000e+00 2.128299002903321410e-03 6.800000000000000000e+01
3.380859375000000000e+00 2.705138880433739096e-03 6.800000000000000000e+01
3.384765625000000000e+00 2.094352182522832197e-03 6.800000000000000000e+01
3.388671875000000000e+00 2.393638069994585664e-03 6.800000000000000000e+01
3.392578125000000000e+00 2.360721095503445083e-03 6.800000000000000000e+01
3.396484375000000000e+00 2.202703466729981786e-03 6.800000000000000000e+01
3.400390625000000000e+00 1.944970642143339012e-03 6.800000000000000000e+01
3.404296875000000000e+00 2.300357782823463006e-03 6.800000000000000000e+01
3.408203125000000000e+00 1.835063622555646633e-03 6.800000000000000000e+01
3.412109375000000000e+00 1.849834612170533086e-03 6.800000000000000000e+01
3.416015625000000000e+00 2.238212908949429453e-03 6.800000000000000000e+01
3.419921875000000000e+00 2.150429152475704514e-03 6.800000000000000000e+01
3.423828125000000000e+00 2.071018235413014160e-03 6.800000000000000000e+01
3.427734375000000000e+00 1.931237544106181913e-03 6.800000000000000000e+01
3.431640625000000000e+00 1.843667542859943418e-03 6.800000000000000000e+01
3.435546875000000000e+00 2.117540062993966601e-03 6.800000000000000000e+01
3.439453125000000000e+00 2.367368502077317124e-03 6.800000000000000000e+01
3.443359375000000000e+00 1.981583274111747926e-03 6.800000000000000000e+01
3.447265625000000000e+00 2.167485869638095287e-03 6.800000000000000000e+01
3.451171875000000000e+00 2.137486935708550646e-03 6.800000000000000000e+01
3.455078125000000000e+00 2.147978709741073678e-03 6.800000000000000000e+01
3.458984375000000000e+00 1.864483656190942841e-03 6.800000000000000000e+01
3.462890625000000000e+00 2.123415642499066561e-03 6.800000000000000000e+01
3.466796875000000000e+00 2.229232058278178118e-03 6.800000000000000000e+01
3.470703125000000000e+00 2.301846797025116666e-03 6.800000000000000000e+01
3.474609375000000000e+00 1.532675613287550137e-03 6.800000000000000000e+01
3.478515625000000000e+00 2.183967000521016590e-03 6.800000000000000000e+01
3.482421875000000000e+00 2.496903159186525476e-03 6.800000000000000000e+01
3.486328125000000000e+00 2.065864009582985168e-03 6.800000000000000000e+01
3.490234375000000000e+00 1.929306701605305960e-03 6.800000000000000000e+01
3.494140625000000000e+00 1.691852917922207628e-03 6.800000000000000000e+01
3.498046875000000000e+00 2.024966898140804356e-03 6.800000000000000000e+01
3.501953125000000000e+00 1.810614181608556205e-03 6.800000000000000000e+01
3.505859375000000000e+00 1.730199752249004814e-03 6.800000000000000000e+01
3.509765625000000000e+00 2.033411532955380074e-03 6.800000000000000000e+01
3.513671875000000000e+00 2.231413422697085033e-03 6.800000000000000000e+01
3.517578125000000000e+00 1.444738659992500420e-03 6.800000000000000000e+01
3.521484375000000000e+00 2.050223991813089446e-03 6.800000000000000000e+01
3.525390625000000000e+00 1.874177961196073780e-03 6.800000000000000000e+01
3.529296875000000000e+00 1.646414198622904923e-03 6.800000000000000000e+01
3.533203125000000000e+00 1.587302922552758866e-03 6.800000000000000000e+01
3.537109375000000000e+00 1.743768713660608614e-03 6.800000000000000000e+01
3.541015625000000000e+00 1.971938325477909718e-03 6.800000000000000000e+01
3.544921875000000000e+00 2.075652657952448046e-03 6.800000000000000000e+01
3.548828125000000000e+00 1.440806499678800928e-03 6.800000000000000000e+01
3.552734375000000000e+00 1.920167366748532336e-03 6.800000000000000000e+01
3.556640625000000000e+00 2.077083905309921614e-03 6.800000000000000000e+01
3.560546875000000000e+00 2.204152515826022108e-03 6.800000000000000000e+01
3.564453125000000000e+00 1.711961399980854986e-03 6.800000000000000000e+01
3.568359375000000000e+00 2.037897048453916112e-03 6.800000000000000000e+01
3.572265625000000000e+00 1.939965457484029918e-03 6.800000000000000000e+01
3.576171875000000000e+00 1.452108365742351683e-03 6.800000000000000000e+01
3.580078125000000000e+00 1.947152176928593692e-03 6.800000000000000000e+01
3.583984375000000000e+00 1.957424681716896184e-03 6.800000000000000000e+01
3.587890625000000000e+00 1.637700330351514770e-03 6.800000000000000000e+01
3.591796875000000000e+00 2.213638174597345673e-03 6.800000000000000000e+01
3.595703125000000000e+00 1.915014415318147100e-03 6.800000000000000000e+01
3.599609375000000000e+00 1.559324658883435829e-03 6.800000000000000000e+01
3.603515625000000000e+00 2.130452740203125916e-03 6.800000000000000000e+01
3.607421875000000000e+00 1.562285737426358321e-03 6.800000000000000000e+01
3.611328125000000000e+00 1.743032916755736907e-03 6.800000000000000000e+01
3.615234375000000000e+00 1.717734389350548171e-03 6.800000000000000000e+01
3.619140625000000000e+00 1.923456177962116001e-03 6.800000000000000000e+01
3.623046875000000000e+00 1.498884345765141585e-03 6.800000000000000000e+01
3.626953125000000000e+00 1.760414483075653774e-03 6.800000000000000000e+01
3.630859375000000000e+00 1.701065989532658373e-03 6.800000000000000000e+01
3.634765625000000000e+00 1.616682385870929104e-03 6.800000000000000000e+01
3.638671875000000000e+00 1.402964077670104540e-03 6.800000000000000000e+01
3.642578125000000000e+00 1.796334826202889215e-03 6.800000000000000000e+01
3.646484375000000000e+00 1.563809678201956606e-03 6.800000000000000000e+01
3.650390625000000000e+00 1.517108757395237758e-03 6.800000000000000000e+01
3.654296875000000000e+00 1.783742334496891393e-03 6.800000000000000000e+01
3.658203125000000000e+00 1.589454729408486429e-03 6.800000000000000000e+01
3.662109375000000000e+00 1.779057072132297001e-03 6.800000000000000000e+01
3.666015625000000000e+00 1.879535233947556960e-03 6.800000000000000000e+01
3.669921875000000000e+00 1.666188573839071617e-03 6.800000000000000000e+01
3.673828125000000000e+00 1.949985688703961481e-03 6.800000000000000000e+01
3.677734375000000000e+00 1.888752928687748066e-03 6.800000000000000000e+01
3.681640625000000000e+00 1.413246784638551778e-03 6.800000000000000000e+01
3.685546875000000000e+00 1.779419929851337170e-03 6.800000000000000000e+01
3.689453125000000000e+00 1.660328256356675665e-03 6.800000000000000000e+01
3.693359375000000000e+00 2.071831632348037754e-03 6.800000000000000000e+01
3.697265625000000000e+00 1.643484214018068202e-03 6.800000000000000000e+01
3.701171875000000000e+00 1.433797532012210003e-03 6.800000000000000000e+01
3.705078125000000000e+00 1.984653460125106270e-03 6.800000000000000000e+01
3.708984375000000000e+00 1.837250180965847683e-03 6.800000000000000000e+01
3.712890625000000000e+00 1.855121808157055106e-03 6.800000000000000000e+01
3.716796875000000000e+00 1.872815205980484302e-03 6.800000000000000000e+01
3.720703125000000000e+00 1.513121489591578951e-03 6.800000000000000000e+01
3.724609375000000000e+00 1.887281537055459334e-03 6.800000000000000000e+01
3.728515625000000000e+00 1.992776510933973438e-03 6.800000000000000000e+01
3.732421875000000000e+00 1.646667906005574479e-03 6.800000000000000000e+01
3.736328125000000000e+00 1.438183459045588647e-03 6.800000000000000000e+01
3.740234375000000000e+00 1.709567897393039814e-03 6.800000000000000000e+01
3.744140625000000000e+00 1.502776750573803352e-03 6.800000000000000000e+01
3.748046875000000000e+00 2.303225564829879807e-03 6.800000000000000000e+01
3.751953125000000000e+00 2.137248882890565357e-03 6.800000000000000000e+01
3.755859375000000000e+00 1.510467635687925622e-03 6.800000000000000000e+01
3.759765625000000000e+00 1.589145535719833436e-03 6.800000000000000000e+01
3.763671875000000000e+00 1.640799211968240563e-03 6.800000000000000000e+01
3.767578125000000000e+00 1.784173496459209906e-03 6.800000000000000000e+01
3.771484375000000000e+00 1.654527598657677722e-03 6.800000000000000000e+01
3.775390625000000000e+00 2.223400991312274831e-03 6.800000000000000000e+01
3.779296875000000000e+00 1.510834619059514333e-03 6.800000000000000000e+01
3.783203125000000000e+00 1.637944747702010668e-03 6.800000000000000000e+01
3.787109375000000000e+00 1.589884171019401290e-03 6.800000000000000000e+01
3.791015625000000000e+00 1.557310711664156543e-03 6.800000000000000000e+01
3.794921875000000000e+00 2.003238211645650291e-03 6.800000000000000000e+01
3.798828125000000000e+00 1.578078738350802276e-03 6.800000000000000000e+01
3.802734375000000000e+00 1.455446610410191140e-03 6.800000000000000000e+01
3.806640625000000000e+00 1.640154381300348288e-03 6.800000000000000000e+01
3.810546875000000000e+00 1.406209428098848099e-03 6.800000000000000000e+01
3.814453125000000000e+00 1.876491262583553522e-03 6.800000000000000000e+01
3.818359375000000000e+00 1.767535844382967826e-03 6.800000000000000000e+01
3.822265625000000000e+00 1.644641346123871606e-03 6.800000000000000000e+01
3.826171875000000000e+00 1.553061264225808662e-03 6.800000000000000000e+01
3.830078125000000000e+00 1.846756210998911664e-03 6.800000000000000000e+01
3.833984375000000000e+00 1.395635499832238854e-03 6.800000000000000000e+01
3.837890625000000000e+00 1.934882331610098937e-03 6.800000000000000000e+01
3.841796875000000000e+00 1.610860401345364911e-03 6.800000000000000000e+01
3.845703125000000000e+00 1.941686719349539547e-03 6.800000000000000000e+01
3.849609375000000000e+00 1.885596168261763697e-03 6.800000000000000000e+01
3.853515625000000000e+00 1.510098217055975489e-03 6.800000000000000000e+01
3.857421875000000000e+00 1.978271962816119996e-03 6.800000000000000000e+01
3.861328125000000000e+00 1.576978174043345204e-03 6.800000000000000000e+01
3.865234375000000000e+00 1.626512427333296667e-03 6.800000000000000000e+01
3.869140625000000000e+00 1.802754744717089807e-03 6.800000000000000000e+01
3.873046875000000000e+00 1.655829436889719218e-03 6.800000000000000000e+01
3.876953125000000000e+00 1.795149860435539015e-03 6.800000000000000000e+01
3.880859375000000000e+00 1.585073143321187161e-03 6.800000000000000000e+01
3.884765625000000000e+00 2.181234100466290446e-03 6.800000000000000000e+01
3.888671875000000000e+00 1.878980841000936573e-03 6.800000000000000000e+01
3.892578125000000000e+00 1.725008066462137323e-03 6.800000000000000000e+01
3.896484375000000000e+00 1.630236077328965031e-03 6.800000000000000000e+01
3.900390625000000000e+00 1.552376150265289420e-03 6.800000000000000000e+01
3.904296875000000000e+00 1.639286055792592766e-03 6.800000000000000000e+01
3.908203125000000000e+00 1.777415306184226482e-03 6.800000000000000000e+01
3.912109375000000000e+00 1.911378330825737283e-03 6.800000000000000000e+01
3.916015625000000000e+00 1.909852462396718431e-03 6.800000000000000000e+01
3.919921875000000000e+00 1.193473330704462312e-03 6.800000000000000000e+01
3.923828125000000000e+00 1.803753762246108634e-03 6.800000000000000000e+01
3.927734375000000000e+00 1.631048083217236664e-03 6.800000000000000000e+01
3.931640625000000000e+00 1.595824513941329842e-03 6.800000000000000000e+01
3.935546875000000000e+00 1.653767938053843584e-03 6.800000000000000000e+01
3.939453125000000000e+00 1.711185199474855303e-03 6.800000000000000000e+01
3.943359375000000000e+00 1.737206161125937716e-03 6.800000000000000000e+01
3.947265625000000000e+00 1.967020502382987087e-03 6.800000000000000000e+01
3.951171875000000000e+00 1.601390779339545000e-03 6.800000000000000000e+01
3.955078125000000000e+00 2.008949880719660720e-03 6.800000000000000000e+01
3.958984375000000000e+00 1.592465557652625405e-03 6.800000000000000000e+01
3.962890625000000000e+00 1.734275166511284111e-03 6.800000000000000000e+01
3.966796875000000000e+00 1.482290537957737207e-03 6.800000000000000000e+01
3.970703125000000000e+00 1.671403648585773538e-03 6.800000000000000000e+01
3.974609375000000000e+00 1.661104333683600552e-03 6.800000000000000000e+01
3.978515625000000000e+00 1.591172014785542221e-03 6.800000000000000000e+01
3.982421875000000000e+00 1.250181824795607629e-03 6.800000000000000000e+01
3.986328125000000000e+00 1.579776857671770160e-03 6.800000000000000000e+01
3.990234375000000000e+00 1.527980516703378181e-03 6.800000000000000000e+01
3.994140625000000000e+00 1.774613378085073637e-03 6.800000000000000000e+01
3.998046875000000000e+00 1.164336540732183612e-03 6.800000000000000000e+01
4.001953125000000000e+00 1.303370723295791192e-03 6.800000000000000000e+01
